LP bound for LambdaCC for cagrqc network using lazy constraints method.
0.95 	 3.97499999995307
0.85 	 11.925000000032242
0.75 	 19.875
0.65 	 27.825000000012324
0.55 	 35.77500000002931
0.45 	 43.57499999998345
0.35 	 51.11249999998131
0.25 	 57.625
0.15 	 60.02840909090409
0.95 	 3.97499999995307
0.85 	 11.925000000032242
0.75 	 19.875
0.65 	 27.825000000012324
0.55 	 35.77500000002931
0.45 	 43.57499999998345
0.35 	 51.11249999998131
0.25 	 57.625
0.15 	 60.02840909090409
0.1 	 56.560759493673146
0.03593813663804628 	 35.03007775912299
0.01291549665014884 	 17.2493975822796
0.004641588833612777 	 8.03923185981733
0.0016681005372000592 	 2.8891501304305027
0.0005994842503189409 	 1.0383067215524056
0.00021544346900318845 	 0.3731480883135224
7.742636826811278e-5 	 0.13410246984037133
2.782559402207126e-5 	 0.04819392884622742
1.0e-5 	 0.017320000000000002
